4,168
118,140493
18,760
4,168
18,760
4,168
453,630296
4,168
4,168
9407,1.37391e+06
4,168
4,168
12,576
4,168
6,288
29,2822
4,168
1369,78888
4140,182128
4,168
4068,178960
5157,324939
4088,179840
4163,183140
4073,179180
871,39123
4216,185472
4199,184724
4028,177200
4,168
4,168
4,168
4,168
85996,1.46221e+07
4,168
4,168
4,168
4,168
4,168
4,168
4,168
4,168
4,168
4,168
4,168
4,168
3830,177052
348,19298
4,168
4,168
4,168
3188,253089
4,168
84,14228
4,168
4,168
447,619324
4,168
4,168
4,168
4,168
4,168
4,168
4,168
4,168
4,168
4,168
4,168
194,17206
4,168
4,168
4,168
4095,180148
4112,180896
4,168
77544,4.4225e+06
4,168
4009,176364
4437,195196
36,5967
4296,188992
4421,194492
4410,194008
4,168
643,140468
4,168
4,168
486,101318
4336,190752
4,168
1960,498049
4585,201708
4,168
7112,1.4379e+06
4,168
1430,300119
4,168
4,168
3135,676129
4,168
4149,182524
4,168
4069,179004
4066,178872
4232,186176
63,6811
4048,178080
4116,181072
4,168
4102,180456
4,168
4109,180764
500,729036
4074,179224
4069,179004
4,168
4,168
4,168
315,17343
4,168
12,504
4,168
12,504
4,168
543,25719
4,168
4,168
944,57860
12,504
4,168
12,504
4,168
198,183857
12,504
12,504
12,504
12,504
4810,683934
12,504
12,504
352,497500
350,500054
216,22476
164,10745
54,2810
18,760
6,240
18,760
18,760
18,760
65,89328
18,760
18,760
18,760
18,760
4,168
24,1152
18,760
18,760
54312,1.11198e+07
11,460
4,168
11,460
4,168
5,630
4,168
12,504
4,168
4,168
12,504
4,168
12,504
4,168
12,504
4,168
12,504
4,168
11,464
4,168
1466,73453
4,168
12,504
4,168
12,504
242,338160
4,168
1737,2.53597e+06
4,168
4,168
240,338080
4,168
4,168
4,168
4,168
20796,2.90624e+06
492,86934
87,5710
868,1.28023e+06
899,1.28734e+06
190,217122
872,1.28039e+06
4,168
4,168
4,168
53,56981
4,168
4,168
18,760
4,168
18,760
4,168
4,168
4,168
4,168
4,168
4,168
18,760
4,168
18,760
4,168
18,760
18,760
4,168
18,760
4,168
18,760
4,168
18,760
26,2719
4,168
18,760
4,168
18,760
4,168
18,760
4,168
18,760
4,168
18,760
4,168
18,760
4,168
18,760
4,168
44,52161
18,760
4,168
18,760
4,168
4,168
144,16278
18,760
18,760
4,168
4,168
4,168
4,168
4,168
55,6391
4,168
4,168
26604,1.38782e+06
4,168
4,168
85,9002
12,504
12,504
105,109989
108,114552
1369,506165
416,37204
12,504
11,464
204,8168
12,504
40,4641
12,504
12,504
128,109526
12,504
12,504
12,504
4,168
4,168
4,168
4,168
6,288
38,19594
4,168
4,168
4,168
4,168
4,168
38,19594
4,168
4,168
4,168
4,168
423,27181
4,168
4,168
49,5021
4,168
4,168
4,168
4,168
4,168
30,1440
30,1440
4,168
4,168
158,25384
486,53273
30,1440
4,168
4886,654593
30,1440
4,168
30,1440
4,168
12,504
30,1440
4,168
12,504
30,1440
4,168
12,504
30,1440
4,168
12,504
30,1440
4,168
12,504
30,1440
4,168
12,504
4,168
4,168
4,168
4,168
4,168
4,168
4,168
4,168
4,168
4,168
4,168
4,168
4,168
4,168
4,168
4,168
4,168
4,168
304,16280
4,168
4,168
4,168
4,168
4,168
4,168
4,168
4,168
4,168
117,14980
4,168
4,168
4,168
100,14352
18,760
4,168
18,760
18,760
18,760
18,760
18,760
18,760
18,760
4,168
384,23830
4,168
4,168
59,70246
18,760
4,168
8,1680
18,760
4,168
4,168
4,168
4,168
59,70247
54,12592
4,168
2039,82424
4,168
4,168
4,168
30,1440
4,168
30,1440
4,168
909,45973
1.23905e+06,7.18492e+07
4,168
4,168
4,168
4,168
14868,2.22137e+07
30,1440
4,168
30,1440
4,168
30,1440
4,168
4,168
129,121069
30,1440
4,168
4,168
30,1440
4,168
30,1440
4,168
5.90949e+06,3.39681e+08
30,1440
4,168
30,1440
4,168
4,168
4127,181556
4,168
4087,179796
4,168
4078,179400
4,168
4135,181908
2219,3.21221e+06
4,168
4144,182304
4,168
4176,183712
4,168
4091,179972
4,168
4113,180940
4073,179180
4061,178652
4,168
4,168
18,760
26616,1.40172e+06
18,760
33,19996
718,72734
27,2742
18,760
18,760
18,760
1820,98832
18,760
73,6342
18,760
18,760
18,760
6,607
18,760
4,168
4,168
4,168
4,168
4,168
4,168
4,168
4,168
26601,1.31683e+06
26601,1.31683e+06
26601,1.31683e+06
26607,1.31712e+06
26595,1.31653e+06
4,168
4,168
26610,1.31725e+06
3926,172712
4040,177728
12,504
687,48431
551,49942
12,504
99,11348
2088,84384
48,4441
12,504
5,566
54,55257
4090,179928
12,504
4086,179752
12,504
4007,176276
165,9876
12,504
4014,176584
12,504
52,56941
3925,172668
12,504
3960,174208
129,121912
12,504
4044,177904
12,504
3994,175704
30,1440
30,1440
30,1440
30,1440
30,1440
30,1440
30,1440
30,1440
304,16280
30,1440
30,1440
4,840
12,504
12,504
12,504
12,504
4,168
12,504
4,168
12,504
12,504
11,464
4,168
12,504
4,168
12,504
4,168
4,168
4,168
4,168
4,168
4,168
4,168
4,168
4,168
4,168
4,168
4,168
4,168
12,504
4,168
12,504
12,504
12,504
12,504
12,504
12,504
12,504
42,4282
135,13409
4,168
12,504
4,168
12,504
4,168
4,168
4,168
2044,82624
4,168
4,168
4,168
4,168
4,168
4,168
56,6189
4,168
12,504
606,33165
4283,188420
12,504
4094,180104
30,1440
12,504
4042,177816
30,1440
12,504
4154,182744
12,504
3990,175528
12,504
4066,178872
12,504
4067,178916
12,504
4101,180412
60,2880
179,235040
481,680393
60,2880
232,264143
30,1440
4071,179092
30,1440
958,38320
260,294707
476,681466
4105,180588
30,1440
12,504
474,681386
30,1440
12,504
30,1440
481,683084
30,1440
34,12907
159,132093
1,44
4,168
4,168
4,168
4,168
4,168
47,4401
4,168
4,168
4,168
4,168
4,168
297,15528
453,21744
453,21744
42,7114
1245,70621
43,51620
465,22320
465,22320
56,6189
465,22320
1581,2.21561e+06
465,22320
1549,2.21953e+06
465,22320
1414,2.06754e+06
26590,1.41368e+06
465,22320
465,22320
453,21744
3029,377012
68,11494
4,168
3983,175220
4,168
4033,177420
4,168
227,315434
4193,184460
4,168
226,314862
4092,180016
4,168
3977,174956
4,168
4004,176144
4,168
4039,177684
4,168
4082,179576
4,168
52,56941
4,168
29496,6.85539e+06
170,233210
1906,97870
4111,180852
4120,181248
702,997554
4,168
4,168
453,21744
1682,84203
289,18915
453,21744
453,21744
4,168
453,21744
4,168
453,21744
4,168
453,21744
4,168
533,25319
453,21744
4,168
453,21744
4,168
453,21744
4,168
304,16392
453,21744
4,168
4176,956546
542,566525
56,13205
23,14410
12,504
60,22144
12,504
24,960
77,43467
1,40
12,504
12,504
12,504
2639,3.84796e+06
12,504
12,504
12,504
317,17423
12,504
12,504
465,22320
465,22320
465,22320
15369,2.22537e+07
465,22320
465,22320
465,22320
465,22320
465,22320
206,219426
465,22320
465,22320
568,30510
30,1440
30,1440
213,13697
215,21450
30,1440
30,1440
203,22603
30,1440
30,1440
30,1440
30,1440
30,1440
30,1440
218,21570
4,168
4,168
3,144
40,4366
4,168
4,168
4,168
4,168
4,168
4,168
4,168
4,168
1853,2.57577e+06
3190,4.6198e+06
1,40
3040,4.38847e+06
2848,4.19397e+06
5529,325628
1525,2.2242e+06
2900,4.23202e+06
85792,1.45366e+07
29736,6.88492e+06
30,1440
30,1440
30,1440
30,1440
30,1440
30,1440
30,1440
30,1440
26617,1.4151e+06
30,1440
30,1440
4,168
2214,1.73712e+06
4,168
482,53658
30,1440
30,1440
30,1440
30,1440
30,1440
465,22320
30,1440
465,22320
30,1440
30,1440
465,22320
465,22320
54,55257
30,1440
465,22320
30,1440
465,22320
465,22320
465,22320
465,22320
352,350158
465,22320
510,740343
5.90957e+06,3.37835e+08
511,740383
510,740343
4,160
193,26738
59,5897
30,1440
315,17366
30,1440
30,1440
30,1440
36,3096
30,1440
30,1440
30,1440
30,1440
294,16969
30,1440
30,1440
4648,3.26558e+06
1041,77699
185,26410
4,168
1049,1.38881e+06
4,168
1044,1.39191e+06
4,168
4,168
2163,3.08215e+06
4,168
274,383637
4,168
4,168
285,400311
4,168
4,168
4,168
4,168
4,168
184,255289
4,168
4,168
195,260068
4,168
4,168
195,260068
4,168
4,168
4,168
311,367401
85546,1.45409e+07
119,9071
209,20621
22,3299
48,4981
12,504
4,168
4,168
12,504
4,168
4,168
12,504
4,168
4,168
12,504
4,168
12,504
4,168
4,168
8,336
4,168
4,168
12,504
4,168
8,336
4,168
4,168
1,40
12,504
4,168
289,18915
12,504
4,168
2041,82504
6,607
82,10670
79,6582
73,9344
4,168
4,168
4,168
4,168
546,565980
4,168
4,168
97,10002
4,168
4,168
4,168
4,168
71960,1.94603e+07
4,168
4,168
46788,7.60035e+06
4,168
4,168
72184,1.94766e+07
4,168
4,168
72350,1.95208e+07
4,168
4,168
1305,55131
42,7114
4,168
4,168
4,168
910,112385
4,168
3,144
4,168
4,168
4,168
12,504
4,168
12,504
4,168
12,504
4,168
12,504
4,168
73028,4.11658e+06
4,168
12,504
4,168
12,504
4,168
57,3735
1812,87860
12,504
4,168
4,168
192,19375
4,168
12,504
190,22569
12,504
1940,2.73366e+06
165,191172
4,168
4,168
12,504
4,168
135,13409
12,504
4,168
558,804560
12,504
4,168
4,168
1164,51257
500,725816
12,504
4,168
4,168
590,814766
12,504
4,168
4,168
12,504
4,168
4,168
12,504
4,168
4,168
12,504
4,168
4,168
209,14591
500,725816
12,504
4,168
4,168
500,725816
12,504
4,168
4,168
4,168
4,168
4,168
4,168
653,32718
795,138203
101,108631
4,168
47,5422
4,168
4,168
4,168
4,168
4,168
4,168
4,168
12,504
4,168
4,168
11,460
4,168
4,168
12,504
4,168
4,168
102,126956
12,504
4,168
4,168
12,504
4,168
4,168
102,126956
12,504
4,168
4,168
52,59242
12,504
4,168
4,168
43,51620
12,504
4,168
4,168
4,168
1013,133262
4,168
12,504
4,168
12,504
4,168
4,168
4,168
5649,436116
4,168
26604,1.38782e+06
4,168
2785,176230
4,168
4,168
4,168
1687,98894
4,168
4,168
4,168
12,504
12,504
4,168
4,168
4,168
8211,331896
4,168
4,168
206,9048
4,168
18,760
4,168
18,760
12,504
18,760
4109,312070
12,504
18,760
12,504
18,760
102,95125
10,420
18,760
72,88375
12,504
18,760
3890,277099
12,504
18,760
260,25663
12,504
4,168
18,760
12,504
4,168
18,760
750,37158
26596,1.414e+06
649,241055
26611,1.38374e+06
264,13257
4,168
4,168
59,57552
4,168
4,168
4,168
4,168
133,8771
264,13257
4,168
324,21049
4,168
475,477211
4,168
12,1214
4,168
12,504
4177,183756
12,504
4114,180984
4072,179136
12,504
4135,181908
12,504
12,504
4104,180544
26607,1.31714e+06
4043,177860
12,504
4031,177332
12,504
12,504
4176,183712
12,504
124,9271
12,504
825,73045
132,7612
3993,175660
4034,177464
3550,264115
4,168
19,1700
4,168
4,168
4,168
4,168
4,168
4,168
4,168
4,168
4,168
4,168
4,168
4,168
4,168
4,168
4,168
56,54482
932,47869
729,74125
4,168
4,168
4,168
4,168
127,176937
4,168
18,760
4,168
18,760
4,168
4,168
18,760
290,367372
18,760
18,760
18,760
4,168
18,760
4,168
18,760
18,760
290,367369
18,760
255,354326
1975,2.93181e+06
12,504
1414,2.09475e+06
12,504
14766,3.15398e+06
1415,2.09479e+06
12,504
1,40
12,504
12,504
12,504
12,504
1462,2.10532e+06
12,504
1220,77946
26,1704
4,168
261,14920
4,168
1471,84593
4,168
12,504
29656,6.89764e+06
4,168
12,504
3189,188670
4,168
1549,214527
38,3478
506,32845
18,760
18,760
18,760
86,103240
18,760
18,760
1086,43440
18,760
18,760
2072,1.20336e+06
18,760
18,760
18,760
26599,1.38754e+06
4,168
4,168
301,17198
4,168
4,168
4,168
4,168
4,168
28,2782
4,168
4,168
4,168
36,3127
4,168
2,80
4,168
4,168
4,168
4,168
4,168
4,168
4,168
4,168
4,168
4,168
4,168
4,168
1,40
4,168
4,168
4,168
4,168
4,168
4,168
4,168
4,168
18,760
18,760
18,760
4817,6.64982e+06
18,760
210,13484
4,168
18,760
4,168
18,760
4,168
4,168
4,168
4,168
4,168
4,168
195,183728
4,168
4,168
4,168
1288,61891
4,168
4,168
4,168
4,168
4,168
10,440
4,168
12,504
2005,88212
4,168
11,460
4,168
12,504
4,168
12,504
11,464
12,504
12,504
12,504
12,504
12,504
2493,1.80318e+06
18,760
18,760
18,760
18,760
18,760
18,760
18,760
18,760
18,760
18,760
18,760
12,504
317,17423
12,504
18,760
18,760
12,504
1,60
18,760
11,464
4,240
870,46752
12,504
18,760
18,760
12,504
18,760
12,504
18,760
12,504
12,504
12,504
18,760
18,760
4,168
4,168
4,168
4,168
4,168
4,168
36658,4.79932e+06
4,168
4,168
4,168
4,168
30,1440
4,168
30,1440
4,168
4,168
4,168
30,1440
4,168
4,168
30,1440
4,168
4,168
30,1440
4,168
30,1440
4,168
4,168
4,168
4,168
29492,6.82413e+06
4,168
418,607569
4,168
4,168
4,168
4,168
581,62186
4,168
4,168
4,168
4,168
4,168
4,168
4,168
4,168
289,23327
4,168
4,168
4,168
4,168
4,168
4,168
4543,6.50118e+06
3,144
62,5829
4,168
4,168
4,168
4,168
4,168
4,168
4,168
4,168
4,168
4,168
4,168
4,168
4089,179884
4,168
4,168
4172,183536
4,168
4,168
4,168
226,242201
4,168
4,168
4164,183184
4,168
4202,184856
4,168
4304,189344
4,168
4351,191412
4,168
4,168
4242,186616
4,168
4,168
4197,184636
4,168
4182,183976
4,168
4151,182612
18,760
18,760
18,760
18,760
18,760
160,10304
18,760
76,39188
18,760
18,760
14,592
18,760
4,168
4095,180148
4,168
4066,178872
4,168
4056,178432
4,168
4089,179884
4,168
1724,79006
4032,177376
4,168
4094,180104
4,168
4,168
4125,181468
4,168
4,168
3986,175352
4,168
4,168
4005,176188
4,168
4,168
4132,181776
4,168
4,168
4,168
4,168
4,168
4,168
4,168
3946,173592
12,504
3972,174736
12,504
4,168
4078,179400
12,504
4,168
4039,177684
12,504
4,168
4080,179488
124,16544
12,504
4,168
4134,181864
12,504
4,168
193,10718
4084,179664
12,504
4,168
4058,178520
12,504
4,168
4027,177156
12,504
4,168
3999,175924
12,504
4,168
4,168
4,168
4,168
30,1440
4,168
4,168
30,1440
4,168
4,168
4,168
4,168
4,168
4,168
4,168
4,168
4,168
4,168
4,168
177,12807
30,1440
30,1440
30,1440
4,168
4,168
785,41754
30,1440
4,168
4,168
4,168
30,1440
4,168
71,89568
30,1440
5210,2.05989e+06
311,17649
30,1440
30,1440
4081,179532
12,504
4025,177068
12,504
4139,182084
12,504
1347,82715
12,504
4103,180500
4059,178564
12,504
4171,183492
12,504
12,504
3993,175660
491,36764
4084,179664
12,504
4,840
5115,6.73883e+06
3999,175924
12,504
4005,176188
12,504
30,1440
4,168
30,1440
4,168
30,1440
4,168
30,1440
4,168
1531,2.22107e+06
30,1440
30,1440
30,1440
4,168
30,1440
4,168
30,1440
30,1440
4,168
4,168
4,168
4,168
4,168
4,168
4,168
9993,6.76356e+06
4,168
736,946189
115,6168
4,168
4,168
4,168
174,183500
4,168
4,168
4,168
4,168
30,1440
4,168
30,1440
4,168
30,1440
3,144
30,1440
3,144
30,1440
4,168
30,1440
4,168
500,729036
30,1440
256,313154
30,1440
30,1440
30,1440
28,7331
26613,1.38827e+06
4,168
82,8359
4,168
165,191172
4,168
4,168
4,168
4,168
4,168
4,168
4,168
4,168
4,168
4,168
4,168
4,168
4,168
4,168
4,168
4,168
26604,1.38782e+06
4,168
134,14435
4,168
453,21744
453,21744
2,120
453,21744
1,60
453,21744
1,60
23,2443
30,1440
1,60
30,1440
3,180
453,21744
2,120
453,21744
225,246519
30,1440
30,1440
170,233210
171,233250
2648,3.79677e+06
4058,178520
12,504
12,504
4015,176628
12,504
4007,176276
4129,181644
12,504
4203,184900
12,504
12,504
4009,176364
12,504
4056,178432
12,504
4188,184240
4104,180544
12,504
4049,178124
12,504
127,176937
163,20564
60,5809
269,24698
4,168
4,168
4,168
4,168
4,168
4,168
4,168
4,168
4,168
4,168
465,22320
465,22320
465,22320
465,22320
465,22320
465,22320
465,22320
465,22320
4142,601439
465,22320
465,22320
146,12397
30,1440
30,1440
30,1440
30,1440
30,1440
30,1440
30,1440
240,94186
30,1440
251,276143
30,1440
30,1440
43,51620
497,25521
6262,9.22066e+06
453,21744
453,21744
453,21744
453,21744
453,21744
453,21744
232,27186
453,21744
453,21744
453,21744
102,13440
453,21744
100,13753
465,22320
465,22320
465,22320
465,22320
200,282832
465,22320
465,22320
400,565664
465,22320
29522,6.86393e+06
465,22320
200,282832
465,22320
465,22320
30,1440
4,168
12,504
30,1440
4,168
12,504
30,1440
861,38723
4,168
12,504
30,1440
958,41840
12,504
30,1440
4,168
12,504
30,1440
4,168
12,504
30,1440
4,168
12,504
30,1440
192,13911
4,168
12,504
12,504
12,504
30,1440
30,1440
75,63484
48,2522
3,120
386,303933
943,47876
835,1.08907e+06
1086,47460
30,1440
30,1440
43,51620
30,1440
1136,53701
30,1440
30,1440
1553,2.25495e+06
26595,1.40952e+06
9385,487247
30,1440
30,1440
30,1440
30,1440
30,1440
2295,308226
447,619324
26592,1.31643e+06
26592,1.31644e+06
293,15368
26586,1.31614e+06
26613,1.31748e+06
87,5710
7002,537259
30,1440
30,1440
30,1440
465,22320
77188,1.21898e+07
30,1440
465,22320
30,1440
72575,4.20078e+06
30,1440
30,1440
2003,80128
30,1440
30,1440
465,22320
30,1440
465,22320
465,22320
465,22320
465,22320
465,22320
465,22320
465,22320
721,55107
4,168
253,14784
440,55325
121,7172
319,40861
576,66725
610,55827
104,11551
185,19698
4,168
390,27407
4,168
1030,1.35056e+06
996,1.33378e+06
4,168
1118,1.37797e+06
4,168
1001,1.349e+06
916,1.31493e+06
12,504
12,504
12,504
119,115207
12,504
12,504
12,504
465,22320
12,504
79,101588
465,22320
12,504
465,22320
12,504
465,22320
574,775425
12,504
465,22320
1269,1.85024e+06
465,22320
510,24480
284,404708
510,24480
510,24480
5560,274416
3717,5.55415e+06
22838,3.68029e+06
3717,5.55415e+06
23070,3.71692e+06
906,51816
23270,3.71748e+06
3722,5.55435e+06
23224,3.7227e+06
23106,3.6983e+06
3713,5.55253e+06
23122,3.70954e+06
4,168
12,504
4,168
12,504
18,760
4,168
12,504
18,760
4,168
12,504
4,168
12,504
165,9876
4,168
12,504
4,168
12,504
4,168
12,504
18,760
136,8891
18,760
18,760
4,168
18,13364
18,760
4,168
12,504
18,760
12,504
18,760
2,80
111,108548
18,760
18,760
418,607569
1.23904e+06,7.16688e+07
671,793890
118,9031
12,504
12,504
5,630
4,168
12,504
5,566
4,168
12,504
4,168
12,504
4,168
12,504
129,153694
4,168
12,504
4,168
12,504
151,166172
4,168
12,504
4,168
12,504
79,8602
44,53014
971,71618
681,45528
36662,1.81746e+07
29182,6.79439e+06
11,460
12,504
12,504
3,144
12,504
11,460
239,269301
12,504
1247,257205
12,504
12,504
12,504
12,504
246,23809
4,168
700,772162
