1,40
1459,84866
2,80
2833,241780
2988,187275
7,448
460,25606
633,34543
49328,2.21751e+06
12,720
12,720
113748,9.86882e+06
42,1766
22,1180
9,468
7,448
36654,1.48253e+06
12,720
2004,120240
2301,198771
562,24394
87613,6.07037e+06
4785,322049
7737,702600
8,336
5,200
5,320
2027,368418
144147,6.38727e+06
18552,949675
36,1682
6057,313479
3055,231404
35,2240
30,4740
2005,120300
2011,120660
2871,208006
203,8504
11,704
6434,354703
34,1420
2,754
5,200
8,2453
1260,50400
512,27328
2906,159921
3051,168545
36734,1.61892e+06
2,88
8,416
1,152
8,6356
336,13836
319,16338
3357,149826
49002,2.05695e+06
4090,280469
5,320
6,384
13,740
3,252
2021,89300
18566,2.40658e+06
1543,118895
2530,158477
13,892
7364,493109
6577,346672
37800,1.71083e+06
36197,1.44788e+06
1,40
8,336
1814,106880
8,336
3269,131080
8,336
142,40720
1413,59633
1201,54730
5052,303120
8,336
5,320
4,168
2590,158790
922,47954
961,55006
515,31285
2663,117364
5021,200840
7,448
38,2110
1357,118210
57283,2.3587e+06
18704,2.40904e+06
4389,305176
37350,1.59014e+06
5,1840
45555,2.00446e+06
5,320
1674,90563
3976,218128
3227,129424
12,720
3259,172496
212757,1.90418e+07
4513,184602
2551,155293
48,2486
12,720
56,3584
32821,1.44452e+06
8,336
47,2246
4,240
861,48490
103,10746
474,25486
68694,2.74806e+06
93578,6.22639e+06
4273,292429
16,960
6,240
1168,47086
1294,59918
12,768
35,2240
6104,382255
5669,345137
36205,1.59318e+06
2988,155330
18,757
584,32476
141,7598
3506,174234
8948,490344
36810,1.51835e+06
8,512
173,14420
3193,191540
1156,46479
12,504
2,128
7760,514978
32811,1.31244e+06
12,504
7,280
4,200
1,44
233,10236
58105,2.32422e+06
8,787
36979,1.67362e+06
54,3060
5256,389060
6,384
3,363
18707,2.40858e+06
1532,73227
12,504
1,84
2015,120900
1490,112296
2720,109012
3247,144870
58492,2.57383e+06
3671,223235
3377,201886
3337,200544
6955,482422
4182,167508
5,260
2028,89616
107,21192
3223,191110
36736,1.62466e+06
18535,776730
24600,1.05377e+06
68540,3.01598e+06
7479,505822
6688,400927
7,448
6,320
2,135
143,7594
4751,283937
2009,120540
9366,562608
4473,267712
2,428
3155,168995
2736,158063
651,36112
27,1080
4271,219702
2357,156725
14,768
114,7200
1186,56107
1221,55876
6334,422758
7,448
2007,120420
8034,545426
14,696
36421,1.4571e+06
6,240
2,428
1730,107629
157,8312
2339,99378
70813,4.2474e+06
4339,273937
12,504
11,484
12,1667
18548,950511
4114,229268
2,210
4348,261054
20,880
112,7896
44,2320
8,336
3146,136999
5498,252529
42,2304
8,320
92,4004
18565,946455
1158,54169
301,13452
12,504
6379,372480
48127,2.11788e+06
6,384
354,15754
3647,206914
3217,146468
28,1228
6721,390804
7020,450738
867,38144
